1 0
3 4
1 0.001 0.1 10000 0 6
-1 -1 -1 1 1 1 -1 -0.2 -0.6 0.01 0.9 0.05 5000
 LS 0 0.01 2
8 2 sigmoid
0.890829 0.378528 
-0.41445 -1.07958 
-0.331105 0.560038 
-1.23033 0.924369 
-0.0088148 -0.49844 
0.460299 0.152883 
0.501107 0.579961 
0.119559 0.582274 
16 9 simpleLinear
-0.170722 -0.490684 0.496165 -0.516466 0.793592 -0.559149 -0.329139 -0.13709 0.381806 
-0.419451 -0.497282 0.899059 -0.761252 -0.259397 -0.584442 1.07163 0.715162 -0.745664 
1.19533 -0.00846966 0.734038 -1.2058 0.0733538 -0.357531 -0.388467 -0.496711 0.155861 
-0.288147 1.10512 -0.648325 0.455864 -0.402459 -0.400769 0.288008 -0.216992 -0.959752 
0.410745 0.628493 0.121637 0.138144 0.958091 0.320449 -0.100603 -0.637898 0.936692 
-0.0586789 -0.713401 0.632053 0.935855 -0.709503 -0.448909 0.113559 -0.887691 0.982028 
0.96576 -0.416032 -0.731283 0.132807 -0.0908138 -0.750045 0.51521 -0.465034 -0.159575 
0.249065 0.251299 0.0649432 -0.795167 -0.0354347 -0.223262 -0.313967 0.358592 0.709894 
-0.321525 -0.292538 0.396207 -0.704002 -0.970808 0.803514 -0.532368 0.675385 0.806441 
-0.0465211 0.246171 -0.896908 0.0591171 0.139323 -0.422342 0.0778838 -0.653203 0.575497 
0.370914 0.850674 -0.909867 -0.662681 0.780487 0.53076 0.868243 0.86383 -0.633465 
0.402145 -0.290728 -1.0475 -1.19582 0.617809 0.361258 1.06503 -1.09074 -0.00600568 
0.360685 -0.428305 -0.0731647 0.537191 0.374171 0.814553 0.243677 -0.673888 0.00909827 
-1.44011 0.673539 0.397317 1.03243 -0.0882662 -0.180536 0.236013 0.0961729 0.0298621 
0.23502 0.0703245 -0.287567 0.54983 -0.784571 0.734162 0.904532 -0.51867 0.201929 
-0.524755 -0.968037 -0.418029 0.599921 0.564016 0.366143 -0.398131 -0.614088 0.378889 
