1 0
3 4
1 0.001 0.1 10000 0 6
-1 -1 -1 1 1 1 1 1 -0.2 0.01 0.9 0.05 5000
 LS 0 0.01 2
8 2 sigmoid
0.503397 0.331844 
-0.258764 -0.82503 
1.01899 -0.816542 
1.06956 -0.302077 
1.52615 0.588857 
-0.0914339 0.899682 
-0.392361 0.199932 
0.0815486 0.0127595 
16 9 simpleLinear
-0.677742 -0.386294 -0.379477 0.852156 0.0689475 0.597294 0.714669 0.245199 1.11913 
-0.397596 0.211075 0.772135 0.715702 0.629146 -0.168152 0.492431 0.0807469 0.916551 
0.645615 -0.148787 0.894421 -0.0451304 0.370862 0.666373 -0.631262 -0.561362 0.819689 
0.157007 1.14795 -0.936674 -1.03349 -1.57815 0.118766 0.496225 -0.473546 -0.970575 
-0.202703 0.916066 0.785991 -0.200702 -0.287998 -0.0990069 -0.385087 -0.482409 -0.284531 
0.49178 0.972801 0.824174 0.34219 0.545194 -0.162169 0.303755 -0.434934 -0.937784 
-0.000979434 -0.0266308 -0.302069 -0.330502 -0.540136 -0.552608 0.078862 -0.218493 -0.311678 
-0.636559 0.871671 -0.193674 -0.262006 -0.266605 -0.233249 -0.574498 0.415064 0.476148 
0.432251 -0.648555 1.00373 -0.828256 0.55887 0.93599 1.11296 0.182433 0.138351 
-0.274873 -0.666982 -1.08435 -0.256193 0.140931 0.0413777 0.547909 0.888831 0.41007 
0.964559 -0.136376 -0.700397 -0.314929 0.581504 -0.874345 0.274164 -0.908092 0.00547615 
-0.823609 -0.724952 -0.745514 0.539694 1.15424 -0.682493 0.234384 -1.14001 -0.534847 
0.444751 0.946956 0.150088 -0.0069565 -0.0690932 0.297997 -0.19502 0.593931 -0.443347 
0.984641 0.126391 -0.408275 0.487947 0.158752 0.505659 0.579357 0.679748 -0.23534 
0.73419 -0.0120525 0.0891266 -0.355175 0.326005 0.641986 -0.159066 -0.160937 0.655321 
0.186735 -0.685314 0.463829 0.0508578 0.481288 0.672067 -0.647404 -0.502341 -0.368353 
