1 0
3 4
1 0.001 0.1 10000 0 6
-1 -1 -1 1 1 1 0.6 1 0.6 0.01 0.9 0.05 5000
 LS 0 0.01 2
8 2 sigmoid
1.26639 0.484392 
0.0145292 -0.435457 
1.09166 -0.496834 
-0.827626 -0.287885 
-0.543591 0.798924 
0.44634 0.604776 
1.42742 0.573632 
-0.933598 -0.0197393 
16 9 simpleLinear
-0.350379 0.142042 -0.0491834 -0.61439 -0.76376 -0.988839 -0.931836 0.183395 -0.00380397 
-0.612038 -0.232321 -0.877931 0.0410085 0.970851 -0.032851 -0.649906 0.299286 0.541715 
-0.441733 -0.38688 0.421814 0.674033 0.322318 -0.757058 -0.312749 0.35818 0.44409 
-1.14796 -0.356712 -1.08712 1.01233 0.592436 0.204885 -1.33472 0.982973 -0.437099 
-0.129224 -0.9811 0.594859 0.511583 -0.440004 -0.751469 0.790324 0.42025 -0.902498 
-0.306299 0.994348 0.224811 -0.518893 0.0174111 0.601676 -0.995597 -0.731804 -0.15753 
-0.483828 0.278683 0.568681 -0.710145 -0.870878 -0.968584 -0.174449 0.512429 0.453262 
0.305765 -0.742539 0.490211 0.0472702 -0.0860294 0.427887 0.103155 -0.459175 0.600059 
0.102726 -0.705282 0.253713 -0.0957955 0.144976 0.302671 -0.37381 0.641034 -0.851493 
-0.703209 0.774069 -0.601187 -0.119509 -0.615043 0.689643 -0.339528 -0.38708 0.796337 
-0.169905 0.516236 0.405586 -1.01288 -0.566936 0.632322 0.356792 0.560881 -0.363087 
-0.576358 -0.650578 0.0966705 -0.84836 0.293901 0.499247 0.391064 -0.616201 -0.0862956 
-0.0214871 -0.119018 -0.12105 -0.256102 0.0110002 -0.460478 0.44294 -1.08655 -0.44343 
0.0827056 -0.3851 0.806775 -0.510175 0.222928 0.267976 1.12191 0.236628 0.474755 
0.370681 -0.296549 0.427806 -0.823249 0.143105 0.645318 0.20137 0.263414 -0.0556194 
0.569632 0.0222831 0.9283 0.570731 0.159807 -0.328504 -0.225826 -0.757054 -0.0939725 
