1 0
3 4
1 0.001 0.1 10000 0 6
-1 -1 -1 1 1 1 0.6 0.2 1 0.01 0.9 0.05 5000
 LS 0 0.01 2
8 2 sigmoid
1.03472 -0.269267 
-0.665822 -0.922866 
1.00559 -0.161663 
0.220873 -0.191288 
-0.415486 -0.93972 
-0.0186269 0.121129 
-0.256854 0.159764 
-0.0185961 0.0254036 
16 9 simpleLinear
0.652387 -0.139148 0.746812 -0.719391 -0.910363 -0.152462 -0.495581 -0.391955 -0.380297 
0.347879 -0.43637 0.698039 0.191025 -0.296033 0.610493 -0.171336 0.396938 0.689761 
0.538477 -0.00258566 0.112581 0.867569 -0.849843 0.520721 0.765294 -0.499834 -0.273242 
-0.631714 0.603109 0.711869 0.541266 0.164841 -0.0880378 0.276693 0.652504 0.210491 
-0.681758 -0.793559 0.809472 -0.330192 -0.064667 -0.457778 0.802306 0.935596 0.283783 
0.276529 -0.0354051 -0.446293 0.311816 0.841173 0.961302 1.00252 0.659485 -0.980809 
0.872714 0.304497 -0.27043 -0.489757 0.888807 -0.872125 -0.740495 0.428216 0.489849 
0.126297 -0.241287 0.182294 -0.798472 -0.0227913 0.469159 0.953455 0.658485 -0.589595 
-0.427766 0.506114 -0.596971 0.8469 -0.0452246 0.201504 -0.500335 -0.739785 -0.0459865 
-0.643845 -0.839541 -0.391616 -0.61042 0.746008 -0.942362 -0.0772667 -0.720654 -0.912652 
-0.0659095 -0.331413 0.278644 -0.401381 0.721506 -0.75829 0.840316 0.925653 0.290499 
0.132686 0.885639 -0.287968 0.644591 -0.639088 -0.642601 -0.970514 -0.781083 0.398992 
0.227383 -0.173476 0.4922 -0.721277 0.212402 0.753152 -0.0772788 0.602778 0.465209 
-0.104645 -0.452786 0.783641 -0.0395948 0.644251 -0.518863 -0.57501 -0.692209 -0.77134 
-0.446146 -0.873256 -0.912486 0.81154 0.383214 -0.980447 -0.29829 0.113967 -0.428871 
-0.135091 0.0322359 -0.435687 -0.781339 -0.794113 0.399199 0.74126 -0.43257 -0.0485717 
