1 0
3 4
1 0.001 0.1 10000 0 6
-1 -1 -1 1 1 1 1 0.6 1 0.01 0.9 0.05 5000
 LS 0 0.01 2
8 2 sigmoid
0.558883 -0.163122 
0.5789 0.62642 
0.579252 -0.617794 
-0.0374825 0.565444 
-0.840372 0.115187 
-0.141921 0.258459 
-0.367473 0.0611721 
1.28055 0.721402 
16 9 simpleLinear
0.489499 0.610574 -0.494108 0.136287 -1.13369 -0.534651 -0.838383 0.879245 -0.697525 
0.196322 -0.39339 -0.418076 0.91393 -0.985115 -0.0622087 0.409272 0.84962 -0.399912 
0.224314 0.00714082 -0.0627889 0.945845 -0.382661 0.540783 0.069992 0.47022 -0.178062 
0.643092 -0.55122 -0.430939 0.596042 0.910555 -0.866811 0.915759 -0.137918 -0.752661 
-0.628821 0.316057 0.765336 -0.292718 -0.85942 -0.959298 -0.0746916 -0.888007 -0.525725 
0.921235 0.792498 0.675245 -0.471092 0.0558751 -0.266519 0.500561 0.0227257 0.368219 
0.0749817 -0.913959 -0.107038 0.869813 0.877177 0.455788 -0.41355 0.477513 0.255078 
-0.273898 0.392557 -0.655047 -0.127816 0.725967 0.647097 -0.366405 -0.504275 0.798868 
-0.225389 0.432791 0.983002 0.145381 0.245841 0.702658 -0.17831 0.947734 -0.194949 
0.601923 0.34468 0.793993 -0.0360565 -0.548223 0.898847 0.848805 -0.744271 0.774661 
0.282218 -0.13049 0.235415 -0.437809 0.540009 -0.397745 -0.120145 -0.525026 -0.606813 
-0.34208 0.201399 -0.0671413 -0.692085 0.707781 -0.812527 -0.821967 0.145608 0.523855 
1.01447 0.911966 0.408227 -0.244495 0.431296 -0.279609 -0.452531 -0.451461 0.181548 
-0.434543 -0.627007 0.535646 -0.766975 0.496606 -0.690846 0.436408 -0.726172 0.90713 
-0.892528 0.0467826 -0.645573 -0.520889 0.586004 0.462181 0.308973 0.943102 0.283068 
0.469554 -0.858057 -0.775936 0.0566692 -0.777298 -0.843596 -0.549366 -0.161262 0.626702 
