1 0
3 4
1 0.001 0.1 10000 0 6
-1 -1 -1 1 1 1 -0.6 0.2 0.6 0.01 0.9 0.05 5000
 LS 0 0.01 2
8 2 sigmoid
0.690937 -0.174177 
0.652898 0.607969 
0.601062 -0.612763 
-0.0510531 0.55573 
-0.609243 0.125839 
-0.254276 0.262991 
-0.34566 0.0642677 
1.28084 0.710772 
16 9 simpleLinear
0.525148 0.634906 -0.460647 0.142215 -1.14728 -0.529968 -0.839178 0.92149 -0.719497 
0.08177 -0.514504 -0.527495 0.929485 -0.820998 -0.0281674 0.504211 0.623328 -0.408118 
0.21668 0.0018391 -0.0622902 0.95481 -0.361471 0.557155 0.0877057 0.454206 -0.199478 
0.811156 -0.406214 -0.278577 0.586693 0.756238 -0.894262 0.832126 0.122096 -0.778145 
-0.642027 0.305413 0.751862 -0.29519 -0.856294 -0.961919 -0.0746944 -0.904072 -0.515479 
0.921934 0.790631 0.675166 -0.46797 0.0671173 -0.263954 0.507697 0.0168259 0.361586 
0.0518939 -0.93195 -0.124746 0.86936 0.899489 0.462681 -0.402894 0.44167 0.2557 
-0.24301 0.415568 -0.631374 -0.125786 0.705326 0.639623 -0.376004 -0.461168 0.793335 
-0.153306 0.490817 1.04054 0.143825 0.173877 0.681907 -0.21478 1.06096 -0.196101 
0.625894 0.366536 0.813936 -0.0388817 -0.580138 0.889831 0.831166 -0.701129 0.778564 
0.244146 -0.165711 0.202792 -0.435266 0.594666 -0.385292 -0.0924858 -0.596391 -0.611458 
-0.305974 0.225995 -0.041354 -0.687836 0.688287 -0.821526 -0.829615 0.192503 0.516209 
0.994453 0.890161 0.38872 -0.240118 0.470603 -0.27252 -0.431256 -0.495779 0.175244 
-0.469001 -0.660592 0.501412 -0.764491 0.541053 -0.686128 0.459111 -0.788858 0.910691 
-0.914591 0.0280882 -0.6649 -0.522099 0.605446 0.465735 0.317705 0.908554 0.287997 
0.492115 -0.836153 -0.752845 0.056801 -0.802641 -0.844711 -0.561189 -0.121651 0.620544 
