1 0
3 4
1 0.001 0.1 10000 0 6
-1 -1 -1 1 1 1 0.6 0.6 0.6 0.01 0.9 0.05 5000
 LS 0 0.01 2
8 2 sigmoid
-0.32098 0.513771 
-0.686239 0.72432 
0.449352 -0.081922 
-0.0319511 -0.944541 
-0.813368 -0.478538 
-0.645029 0.826792 
-0.234163 -0.94034 
0.416166 -0.427729 
16 9 simpleLinear
1.0449 0.562702 -0.2057 -0.624373 0.197644 0.21698 0.245822 -0.875958 -0.523468 
0.376999 0.499537 -0.959026 -0.0835174 0.530797 -0.468371 0.6214 0.0657474 -0.241688 
0.353678 -0.429989 0.741113 -0.585413 -0.282567 0.921403 -0.0601803 0.134713 0.588985 
0.511676 0.0255047 0.0266511 -1.05612 -0.0292157 -0.466233 -0.322228 0.301002 0.892307 
0.973295 -0.45504 0.767858 -0.435629 0.909791 0.259443 -0.403429 -0.183702 -0.201062 
0.191922 -0.498775 0.89664 1.00528 0.807726 -0.633411 0.671784 1.05369 -0.254184 
0.369644 -0.273314 0.870023 0.121083 -0.709005 -0.00767861 -0.780827 -0.614118 -0.755192 
-0.222174 0.10762 0.427045 -0.58661 0.0126827 -1.01558 -0.824094 0.657104 -0.69893 
0.703368 -0.526605 -0.110867 -0.486459 0.63583 0.326592 -0.639901 0.511752 -0.127691 
-0.422771 0.021509 -0.0522706 0.444057 -0.576229 0.727678 0.357545 0.623888 -0.866624 
-0.546134 0.972462 -0.415979 -0.376221 -0.100557 0.83874 -0.824923 0.484508 -0.0559044 
-0.858622 0.753456 -0.215301 -0.869743 0.373331 0.200753 -0.0320975 0.843508 -0.052358 
-0.633401 -0.780272 -0.716346 0.356953 -0.181641 0.312762 -0.679144 -0.724008 0.69731 
-0.961061 0.646588 0.381169 -0.847872 -0.934568 0.309862 -0.299392 -0.38123 -0.891374 
-0.517593 -0.289887 0.572744 0.51436 -0.0870388 0.403027 -0.645258 0.138477 -0.108391 
0.58661 -0.823408 -0.215489 -0.62162 -0.491473 -0.0173406 -0.358046 0.853108 0.8576 
