1 0
3 4
1 0.001 0.1 10000 0 6
-1 -1 -1 1 1 1 -0.6 -0.2 -0.6 0.01 0.9 0.05 5000
 LS 0 0.01 2
8 2 sigmoid
-0.752292 0.659137 
0.2065 -0.348664 
-0.194432 -0.284614 
0.239153 0.51756 
-0.777923 -0.0389806 
0.490006 0.6978 
1.23027 0.262116 
-1.25404 0.810844 
16 9 simpleLinear
0.434492 -0.471766 0.300518 0.55559 -0.67531 0.574855 -0.534716 -0.568964 -0.192192 
-0.385445 0.215448 -0.171119 0.441773 -0.391228 -0.253101 -1.37192 -0.450865 1.02086 
-0.235529 0.168404 -0.354569 -0.862661 -0.456113 0.308294 -0.0714399 -0.647296 -0.133782 
0.179143 0.551141 0.259946 -0.434334 0.630881 0.271413 0.239229 0.320536 0.992815 
0.0738222 -0.266178 -0.663205 -0.783981 0.0449309 -0.955243 0.301604 -0.408598 -0.185474 
-1.06701 -0.361035 -0.585299 0.795562 0.457748 0.767671 -0.572922 0.657734 0.0124817 
1.02243 -0.299019 -0.190685 -0.240181 0.631231 -0.583667 0.763327 -0.622184 0.828297 
1.09196 -0.990223 -0.409426 0.301364 0.769257 -0.198272 -1.78132 1.41482 -0.0774322 
-0.665899 0.0759182 0.842615 -0.32476 0.342539 -0.353143 0.287023 0.326248 -0.804745 
0.316332 0.819729 -0.57357 0.798668 0.686948 0.174742 -0.346814 -0.555572 -0.529764 
0.0850161 -0.562633 -0.139928 -0.141647 -0.978405 -0.0247742 0.362262 0.581472 -0.574709 
-0.325202 0.616072 -0.878509 0.507871 0.693895 0.169414 0.258289 -0.664188 -0.579415 
0.764323 0.80572 0.278419 -0.666723 0.0230121 0.110475 -0.234785 -0.267165 -0.232948 
0.905167 0.473563 0.172743 -0.565436 -0.359758 0.465057 0.158273 0.507741 0.395014 
-0.807764 -0.364638 0.00959334 -0.35181 0.41335 -0.25076 -0.130575 -0.0250086 -0.274911 
-0.887995 -0.986289 -0.0528933 -0.781203 -0.901317 -0.229951 0.382436 -0.439841 -0.657323 
