0.95 0.4
3 4
1 0.001 0.1 10000 0 3
-1 -1 -1 1 1 1 0 1 -1 0.01 0.9 0.05 5000
 LS 0 0.01 2
8 2 sigmoid
-0.0961527 0.975337 
-0.811991 -0.385546 
0.7496 0.779874 
0.760776 -0.895432 
0.490483 0.70655 
-0.00446044 -0.545845 
-0.845632 -0.508161 
-0.0423551 0.0167741 
16 9 simpleLinear
-0.191513 -0.163406 -0.500231 0.339076 -0.0664148 -0.0618821 -0.385958 0.455981 0.186868 
0.354563 0.76743 0.83976 -0.582587 -0.16988 0.352211 0.490767 -0.342387 0.757742 
-0.885555 -0.394249 0.414922 0.904623 -0.262028 -0.153101 0.630007 0.861986 0.000488083 
0.82794 -0.61024 -0.627552 -0.151918 0.136929 0.15625 0.115891 -0.640806 0.53298 
0.8139 -0.279597 0.170434 0.216061 -0.894204 -0.0270364 0.0972128 -0.401007 0.818139 
-0.497746 -0.873382 -0.449146 -0.822578 -0.802613 0.110182 0.51898 1.00342 0.772629 
-0.723081 0.57274 0.567136 0.396584 0.307723 0.842348 0.620428 0.918688 -0.123687 
-0.372049 -0.0341863 0.110286 -0.501433 -0.224182 0.837258 0.618448 0.998201 0.771276 
-0.492155 -0.0134714 -0.595395 -0.71934 0.480474 -0.490072 -0.12898 0.626762 -0.114359 
-0.937354 0.263466 -0.153733 0.923161 0.541775 -0.563168 0.435152 -0.0295435 0.5111 
0.245736 -0.463895 0.612297 -0.85425 0.133334 -0.455591 0.175782 0.56042 0.173652 
0.112095 0.344311 0.497151 0.293259 0.891354 -0.398234 0.497351 -0.625953 0.131377 
0.712571 -0.228586 0.211861 -0.711978 -0.212305 -0.619209 0.214454 -0.4647 -0.492664 
0.715078 -0.864527 0.0029895 0.374983 0.358808 0.509291 -0.0406461 0.43295 -0.379278 
0.446973 -0.418491 -0.877423 -0.347364 0.498048 0.208825 0.853087 -0.713085 -0.0654965 
-0.88845 0.588682 -0.0637811 0.88866 0.442679 0.888809 0.271053 -0.914987 -0.302214 
