0.95 0.4
3 4
1 0.001 0.1 10000 0 3
-1 -1 -1 1 1 1 1 0 -1 0.01 0.9 0.05 5000
 LS 0 0.01 2
8 2 sigmoid
0.634623 0.490148 
-0.821071 -0.378583 
0.0468868 -0.807318 
-0.696711 -0.305927 
-0.322414 0.835818 
0.88099 0.18017 
0.496717 0.813193 
-0.0850728 -0.252835 
16 9 simpleLinear
-0.112662 0.402783 0.338846 -0.413328 -0.657595 -0.743275 -0.694689 0.396179 -0.449807 
-0.345784 -0.269693 -0.719918 -0.0924147 0.89814 0.248738 -0.402043 0.393273 0.384812 
-0.0130953 -0.674899 0.780144 0.259904 0.0407249 -0.569539 0.127089 -0.134176 0.638305 
-0.155793 -0.462893 -0.276901 0.495841 0.296931 1.02469 -0.277506 0.846959 -0.82657 
-0.205904 -1.01297 0.532619 0.529738 -0.423527 -0.801094 0.706438 0.414102 -0.852464 
-0.0981446 0.976148 0.420506 -0.575816 -0.0509539 0.73389 -0.809154 -0.797517 -0.240681 
-0.396625 0.313644 0.618277 -0.736506 -0.896894 -0.892912 -0.0851144 0.561517 0.384141 
0.382736 -0.331134 0.798985 0.500154 0.253184 0.731004 0.162747 0.106187 -0.113327 
-0.0531719 -0.665388 0.211357 0.0469079 0.235189 0.184956 -0.537969 0.653238 -0.848183 
-0.805554 0.844669 -0.664732 -0.0387587 -0.550271 0.650036 -0.421175 -0.288832 0.762339 
-0.303241 0.636639 0.328746 -0.921511 -0.481733 0.565823 0.258955 0.680452 -0.398668 
-0.491927 -0.546527 0.307137 -0.735187 0.374682 0.635782 0.497211 -0.533436 -0.315692 
-0.433622 -0.18817 -0.618999 -0.273212 0.0405368 -0.760919 0.0536872 -1.0356 -0.123328 
-0.311355 -0.454695 0.380975 -0.531416 0.269591 0.0215031 0.771823 0.295628 0.755094 
0.435708 -0.341395 0.342157 -0.960676 0.0809929 0.730008 0.271407 0.324471 -0.0344935 
-0.0909726 -0.182298 0.572031 0.677665 0.397024 -0.578429 -0.839692 -0.765926 0.179016 
