0.95 0.4
3 4
1 0.001 0.1 10000 0 3
-1 -1 -1 1 1 1 0 1 -1 0.01 0.9 0.05 5000
 LS 0 0.01 2
8 2 sigmoid
-0.635702 0.964903 
0.231306 -0.704047 
0.145247 -0.306544 
-0.911954 0.622209 
0.119403 -0.0566177 
-0.08501 -0.530558 
-0.588035 0.287652 
-0.0187549 -0.940218 
16 9 simpleLinear
-0.0970221 -0.76325 0.0751481 0.464231 -0.328544 0.1386 0.36854 0.0339 -0.196418 
-0.400186 0.8243 0.563864 -0.96484 -0.0461784 -0.0182888 -0.605694 -0.0975474 -0.671125 
-0.298484 -1.0155 -0.114054 -0.200786 0.616227 -0.951596 0.683101 -0.512689 -0.243095 
-0.840597 0.918866 0.650309 -0.777848 -0.21375 0.788278 0.223887 -0.761856 -0.747148 
-0.740189 0.523938 0.283394 0.201258 -0.86671 0.164198 -0.184725 -0.813641 -0.87444 
0.845349 -0.378877 0.135069 -0.903915 0.337552 0.215997 0.0685492 -0.831293 -0.167422 
0.183227 0.853729 0.457614 0.805511 -0.999424 0.31829 0.406043 -0.793065 -0.929092 
0.127641 0.324439 -0.830998 0.460005 0.60077 0.675818 -0.284962 -0.222059 0.99455 
0.904149 0.682182 -0.950945 -0.947426 0.5178 -0.362869 0.16097 0.607419 0.930416 
-0.655083 -0.34673 -0.922692 0.223877 0.837633 0.936549 -0.314009 0.644594 0.942279 
-0.987391 0.0684629 -0.833461 -0.923733 -0.786852 0.578933 -0.677939 0.698811 0.213402 
-0.938353 -0.586194 -0.918814 0.933013 -0.678819 0.754797 0.971354 -0.633408 0.315863 
-0.384947 0.564967 -0.0996688 -0.442611 0.905966 0.554113 -0.361799 0.134037 0.349726 
-0.428318 0.820802 0.0380044 -0.486446 0.825685 -0.908515 -0.329367 0.902357 -0.750877 
-0.772258 -0.804897 0.957505 0.462047 -0.737328 -0.606755 0.561271 -0.79953 -0.261009 
0.329167 -0.846642 0.0962584 -0.386345 -0.228582 -0.358268 0.492766 0.31667 -0.396926 
