0.95 0.4
3 4
1 0.001 0.1 10000 0 3
-1 -1 -1 1 1 1 -1 1 0 0.01 0.9 0.05 5000
 LS 0 0.01 2
8 2 sigmoid
0.853725 -0.637689 
0.118531 -0.216532 
0.051814 1.10257 
0.382895 1.03596 
-0.525928 1.13377 
-0.878463 -0.00587784 
-0.110698 -0.920881 
-0.672175 -0.499724 
16 9 simpleLinear
-0.6983 -0.348011 0.310547 0.560192 0.291199 -0.813683 0.514634 -0.569376 -0.183123 
1.02268 -0.549958 0.120412 0.793255 -0.974837 0.00213264 0.690223 -0.584885 -0.953482 
-0.879519 0.381475 -0.895558 0.646325 0.473785 -0.274321 0.557528 0.584447 0.960248 
-0.0640149 1.0729 -0.809748 0.230142 -0.839086 -0.165377 -0.323957 0.834413 0.527305 
-0.445824 0.125611 -0.59816 0.396701 0.0459299 -0.225121 -0.518941 -0.203572 -0.227667 
0.435441 -0.603284 0.132155 0.612111 -0.295326 -0.351018 0.77367 -0.574753 -0.824991 
-0.507607 -0.925911 0.821604 -0.724418 -0.318363 0.615359 -0.695749 0.724442 0.822005 
0.210252 -0.748153 0.399955 0.113267 -0.268604 -0.472739 0.567229 -0.826436 0.3417 
-0.587197 -0.287579 -0.622037 0.080491 -0.942438 -0.215732 -0.711748 0.734114 0.190332 
-0.134937 0.471478 0.874795 -0.0171636 1.0019 1.01185 -0.131461 -0.659836 -0.413391 
-0.189508 -0.060713 -0.419299 -0.677442 0.815107 -0.267076 0.812979 -0.011761 -0.152693 
1.29566 -0.533663 0.497581 0.639219 -0.464976 1.07688 1.0652 0.638591 0.596192 
-0.407878 0.641496 0.624014 0.977369 -0.607354 0.0370367 0.854764 0.362064 -0.0673174 
0.752413 -0.894112 0.289215 -0.542788 -0.430249 0.956358 -0.100635 -0.274019 0.748116 
0.661553 -0.634723 -0.462217 -0.119491 -0.720476 -0.224707 -0.67486 0.825021 0.0235782 
-0.73992 0.63679 -0.307378 -0.805366 -0.860659 -0.707492 0.818633 -0.883829 -0.473894 
