0.95 0.4
3 4
1 0.001 0.1 10000 0 3
-1 -1 -1 1 1 1 -1 0 1 0.01 0.9 0.05 5000
 LS 0 0.01 2
8 2 sigmoid
-0.203939 0.888368 
-0.770023 0.529926 
-0.318027 0.574176 
0.644225 -0.348991 
-0.47981 0.838558 
0.758841 0.00455244 
0.56942 -0.677532 
-0.296676 0.531833 
16 9 simpleLinear
-0.77456 0.476384 0.0309717 -0.0605746 -0.404441 0.237193 -0.143392 -0.645683 0.37164 
0.229927 0.696739 -0.163581 -0.0383201 -0.238571 0.195973 0.884627 -0.481596 0.639093 
0.256844 0.18338 0.118561 -0.290128 0.953038 0.652935 -0.535495 0.700861 -0.0780252 
-0.699552 -0.660489 0.57799 1.19781 -0.392739 0.39793 0.359586 0.74535 -0.13809 
-0.820517 -0.438603 0.960538 0.264382 0.809878 0.625757 -0.898578 -0.203492 -0.408932 
0.37298 -0.292419 -0.0366092 -0.086558 -0.991913 -0.872029 -0.929669 -0.175805 -0.652871 
0.879913 0.396023 0.903489 -0.426544 0.493188 -1.02898 -1.06721 0.197031 -0.275295 
-0.0148272 -0.951772 -0.925048 -0.446229 -0.731011 -0.337541 -0.455432 0.613035 -0.455966 
-0.726955 0.811714 0.349445 -0.244741 0.222307 -0.901546 0.759967 -0.765772 -0.894275 
0.962589 -0.598671 -0.0149195 -0.832958 -0.65949 -0.568718 -0.876114 0.0419339 0.993308 
-0.766796 0.124159 0.227561 -0.231343 -0.879405 0.287112 -0.146997 -0.311955 0.563119 
0.540418 0.257993 0.188741 -0.927803 0.525274 0.00733501 0.417366 -0.730137 -0.825416 
0.46569 -1.00626 -0.579776 0.573613 0.96195 -0.191743 -0.440399 -0.863267 0.228079 
0.0156056 -0.733481 -0.790043 -0.0256081 -0.497505 0.312068 -0.803188 0.269751 0.532583 
0.562817 -0.829088 -0.806723 0.167209 0.697561 0.48743 -0.641848 0.751096 -0.180781 
0.268274 0.123736 0.200751 0.492436 -0.39669 0.223255 0.927815 -0.788616 0.131695 
