0.95 0.4
3 4
1 0.001 0.1 10000 0 3
-1 -1 -1 1 1 1 -1 1 -1 0.01 0.9 0.05 5000
 LS 0 0.01 2
8 2 sigmoid
0.0985319 -0.0509193 
0.404257 0.0923155 
-0.367795 -0.72429 
-0.0122932 0.100595 
0.107021 -0.165208 
-0.5298 -0.942248 
0.0713616 0.127239 
0.380497 -0.926631 
16 9 simpleLinear
-0.378102 -0.832913 -0.902533 0.703475 -0.684201 0.612925 0.451561 -0.388773 0.764227 
0.393883 0.0832026 0.682068 -0.0131747 -0.539704 -0.273113 -0.89154 0.389002 -0.783136 
0.171858 -0.853311 -0.44464 -0.881165 0.264923 0.70757 -0.0953227 0.722984 0.569826 
0.956088 -0.0610351 0.19915 1.03264 0.493509 0.290908 1.06799 0.193273 0.208981 
0.528334 -0.566698 0.948537 0.397404 0.820742 0.0236573 0.0727847 -0.19875 0.483578 
0.794103 -0.0947369 -0.142802 -0.975842 0.996384 -0.0906816 -0.511201 -0.949914 -0.908684 
-0.916385 -0.140803 0.66341 0.809777 -0.297057 -0.531918 -0.119883 -0.362081 0.915204 
-0.834299 -0.232984 -0.00291966 0.565489 -0.710511 0.424918 0.516605 0.720142 -0.0231521 
-0.529313 -0.337577 0.953608 0.950496 -0.541591 -0.138612 -0.19024 -0.516694 -0.139194 
0.719848 -0.0278519 -0.0883344 0.808006 0.0832144 0.803467 0.502105 -0.0861587 -0.460219 
-0.998778 0.818361 0.216268 0.865528 0.889676 0.87153 -0.242235 0.38376 -0.946427 
-0.854271 -0.100059 0.711972 0.282012 0.365042 -0.629364 0.236151 0.337033 -0.350739 
-0.960775 -0.952691 0.237065 -0.0992387 0.7688 -0.789245 0.81385 0.574367 0.322894 
0.592111 0.0500776 -0.817751 -0.862874 0.0533415 -0.998324 0.351985 -0.0940573 0.990571 
0.265202 0.730274 0.326073 0.318128 0.812882 -0.848254 -0.0394009 0.0514724 0.403634 
0.32501 -0.69912 -0.239091 -0.925706 -0.656656 -0.185557 0.321866 0.27685 -0.61503 
