0.95 0.4
3 4
1 0.001 0.1 10000 0 3
-1 -1 -1 1 1 1 0 1 0 0.01 0.9 0.05 5000
 LS 0 0.01 2
8 2 sigmoid
-0.330227 0.779695 
0.603235 -0.637928 
0.397118 -0.142468 
-0.131624 0.774003 
-0.145776 0.634749 
-0.246736 0.794939 
0.813539 -0.24704 
-0.663786 -0.437181 
16 9 simpleLinear
0.237754 0.402576 0.737501 -0.0758322 0.82831 0.438997 0.782983 0.746758 -0.60611 
-0.877434 -0.859698 0.914736 -0.665282 -0.143086 0.280386 -0.0318704 -0.337877 0.0450068 
0.225572 -0.679944 0.800779 -0.773837 0.907283 -0.535763 1.05491 -0.287023 -0.912413 
0.948328 0.412282 -0.287628 -0.516722 -0.483937 0.95808 -0.775631 0.449803 0.561426 
0.46259 -0.0301229 0.329398 -1.03274 0.158581 0.539545 0.814801 0.475603 -0.402138 
0.226776 -0.418615 0.145285 -0.736779 0.748637 0.350772 1.01188 0.948316 0.161282 
-0.550749 1.05085 1.01706 -0.332229 0.863234 0.21267 0.355946 -0.672268 0.457393 
0.131214 -0.543374 0.147828 -0.0892864 0.833167 -0.840666 -0.610324 0.889545 0.207942 
0.876013 0.840103 -0.0501313 -0.682887 0.0189797 0.454539 0.464576 0.277578 0.0885331 
-0.282725 0.0968779 0.00588814 0.911801 0.591308 -0.0415466 0.738187 -0.83516 -0.0638091 
-0.0795594 0.112793 -0.216071 -0.461338 -0.548183 0.276017 0.401738 0.21689 0.59689 
0.924221 1.09623 0.427237 0.350855 0.60673 -0.0301661 -0.519107 1.02466 0.297681 
0.504798 0.245348 0.0953433 -0.320477 0.959219 -0.715545 0.79588 0.92535 0.835755 
-0.253345 0.720186 -0.927741 0.541252 -0.247839 0.509151 -0.432504 0.401792 -0.903475 
0.938574 0.00246164 0.353961 0.144674 -0.0990533 0.0694519 -0.859927 -0.959388 -0.241591 
0.202185 -0.318458 -0.13632 0.130259 0.771932 0.792758 1.47283 -0.408242 -0.0341054 
