1 0
3 4
1 0.001 0.1 10000 0 6
-1 -1 -1 1 1 1 0.6 0.2 1 0.01 0.9 0.05 5000
 LS 0 0.01 2
8 2 sigmoid
0.677074 0.597869 
0.149365 -0.424373 
0.0475226 -0.596692 
-0.960262 -0.131519 
-0.985073 0.817135 
1.19205 0.175103 
0.986417 0.534385 
-0.492859 -0.0337914 
16 9 simpleLinear
-0.241395 0.208622 0.14408 -0.555141 -0.712644 -0.869221 -0.818736 0.2382 -0.168347 
-0.589632 -0.226632 -0.836735 0.19214 1.10733 -0.420915 -0.872452 0.451628 0.57005 
0.0870006 -0.501194 0.9882 0.416091 0.135979 -0.374741 0.256668 0.0219088 0.32661 
-0.386362 -0.409636 -0.384377 0.837511 0.556869 0.250703 -0.813241 0.955979 -0.650378 
-0.18126 -0.945238 0.613758 0.664658 -0.317949 -0.869745 0.656612 0.520903 -0.967308 
-0.206142 0.952979 0.329574 -0.538672 -0.0377076 0.512541 -0.95599 -0.835471 -0.102193 
-0.5117 0.259751 0.570732 -0.664392 -0.834204 -1.04102 -0.218459 0.539673 0.45924 
-0.0983511 -0.591468 0.339868 0.517011 0.329842 -0.0901828 -0.474304 -0.137033 0.555187 
0.0348611 -0.608518 0.198516 -0.133394 0.0587501 0.381202 -0.336639 0.571535 -0.84211 
-0.329972 0.72998 -0.445776 -0.380843 -0.69661 1.54513 0.186519 -0.233492 0.412414 
-0.379146 0.629583 0.30246 -0.826898 -0.409176 0.403585 0.152027 0.701035 -0.363821 
-0.272763 -0.560982 0.540547 -0.547866 0.622514 0.77238 0.496617 -0.258985 -0.645894 
-0.451919 0.00680417 -0.384054 0.0893784 0.267017 -0.790261 0.0146547 -0.823913 -0.454929 
-0.315238 -0.433377 0.32318 -0.593067 0.198169 -0.0407268 0.769307 0.250313 0.840026 
0.39556 -0.416762 0.157607 -1.19979 -0.121021 0.698938 0.29328 0.13501 0.228613 
-0.0976329 -0.153102 0.301113 0.439301 0.170194 -0.948237 -0.968983 -0.903696 0.567628 
