1 0
3 6
0.001 0.01 10000 6
-1 -1 -1 1 1 1 -0.6 -0.2 -1 0.15 10000
0.95 1e-06
 LS 0 0.01 2
12 2 sigmoid
0.261698 -0.660785 
0.623535 -0.65166 
-0.201187 0.33444 
0.0625986 -2.4821 
0.822906 1.92636 
0.568506 -2.24649 
-0.0911591 0.00300308 
0.30611 -0.12448 
-1.04715 -2.66901 
0.0509803 0.0823521 
-1.28651 -2.02445 
-0.843289 -2.90853 
24 13 simpleLinear
-0.706914 -0.490802 -0.697955 -1.34128 0.562849 -0.359362 -1.18428 -0.596721 -0.868948 0.411677 -0.151396 -0.62966 0.47903 
0.381877 0.239902 0.345641 -0.600847 -1.24872 -1.48312 -0.483144 0.157633 -0.521632 -1.18522 -0.847139 -0.0793731 0.462568 
0.988822 1.31824 1.5698 0.588465 1.37017 0.258286 1.39352 0.206041 0.438934 1.40686 1.35606 0.555027 -1.13695 
-0.594576 -0.211053 0.957036 0.297305 0.704669 0.953677 0.0178436 0.657188 0.0597913 0.349053 0.862285 1.0825 -0.266631 
-0.0264958 -0.609229 0.828031 -0.505726 0.293508 0.251058 -0.669358 0.160941 -0.821946 -0.784189 0.762685 -0.944137 -0.244411 
-1.0488 0.284852 -1.05284 -0.229927 -1.08548 -0.757434 -1.42278 -1.22058 0.340674 0.161956 -1.44683 -0.657395 0.930661 
0.424277 -0.386413 0.460438 0.36583 0.472314 1.30862 0.588209 0.326096 -0.18304 -0.288935 -0.389118 -0.0226755 -0.19764 
-1.51149 -1.18871 -0.733802 -1.57706 -0.358082 -0.298281 -1.62999 0.0618794 -1.02162 -1.29498 -1.22197 -0.95691 0.676949 
-0.0607486 -0.000705612 0.314433 0.93584 1.14385 1.3019 1.00547 0.251752 0.274847 0.240364 0.182553 1.44679 0.189032 
-0.0864451 -0.920615 0.687662 0.31547 0.43454 -1.0797 -0.994818 -0.529305 -0.892001 0.286192 -1.0696 -0.808125 0.467981 
-0.674574 -0.782131 0.19136 0.149949 0.122909 -1.25284 -1.14745 -1.09749 0.163972 -1.35999 -1.28149 -0.140785 0.905981 
0.499872 -0.278736 1.19708 0.504939 -0.720948 0.250316 0.625842 1.25394 -0.190114 0.246617 -0.592372 -0.144506 0.0593038 
-0.309498 1.22849 0.969745 0.0964501 0.385581 -0.0849281 0.93132 0.288841 -0.256095 0.578324 0.691912 0.153522 0.31027 
0.189295 0.0434119 -0.89631 -0.248194 -0.761126 0.267297 0.150004 -0.942015 -0.605774 0.256571 -0.0567269 0.751151 0.22059 
0.316011 -0.333786 0.223089 0.773743 -0.875947 0.5481 0.610248 0.77743 -0.754297 -0.303207 -0.71024 0.815098 0.621178 
-0.636222 -0.281572 -0.37021 0.10973 -0.555271 -1.18149 -0.818109 -0.453602 -0.43956 -0.640259 -1.2004 -1.28602 0.0758811 
-0.534572 0.244715 0.637416 -0.780115 -0.556812 -0.0262054 -0.088579 0.698799 -0.273852 0.0819898 0.210344 -0.641037 0.0108191 
0.201637 -0.201165 -0.109694 0.0222407 -0.54393 0.54441 -0.957641 0.343252 0.0197154 -0.202882 0.501367 0.490009 1.28341 
-0.133002 -0.436337 -0.833627 -0.164666 0.331561 -0.289814 -0.816829 -0.0029581 0.00185672 -0.349955 1.05141 0.977636 -0.753879 
-0.154658 0.252782 0.867881 0.414596 1.24674 0.356722 -0.543039 0.451657 -0.340783 0.320401 0.252995 0.0859432 -0.380367 
0.321435 -0.0565198 0.527669 0.149548 -0.128386 1.25815 0.59391 0.0208132 0.0411544 1.81009 0.683089 0.0876792 -1.10046 
0.743746 -0.153144 -0.110855 0.66435 0.148465 0.633579 -0.379962 -0.256547 -0.114044 -0.386525 0.928438 0.212981 0.509256 
-0.243848 -0.417808 0.199644 0.714481 0.406235 0.631502 0.742915 1.02451 0.880742 0.800307 0.417154 -0.415643 0.0703079 
0.861292 -0.155741 0.0894341 1.08688 0.676364 1.75663 1.72293 1.44479 1.34426 0.820119 1.02533 -0.107099 -0.205754 
