1 0
3 6
0.001 0.01 10000 6
-1 -1 -1 1 1 1 -1 1 0.6 0.15 10000
0.95 1e-06
 LS 0 0.01 2
12 2 sigmoid
0.76981 -1.17303 
-0.60383 -0.255172 
-0.861951 -1.07103 
-0.0982698 1.33504 
0.897523 -1.85813 
0.573023 -1.38551 
0.355786 -0.0435888 
-0.140039 0.752139 
1.13113 0.261958 
0.0607165 -0.427526 
0.708327 -0.875863 
0.467969 0.999638 
24 13 simpleLinear
0.599177 -0.142983 0.0177412 -0.353145 0.532635 1.2054 -0.146243 0.713501 -0.408981 0.650069 0.414462 0.130993 -0.215418 
1.00069 -0.395562 1.1134 -0.671951 -0.027228 -0.176178 1.06858 0.615167 -0.00835639 0.912172 0.355892 0.458115 -1.29623 
-1.28652 -1.02044 -0.731508 -0.320112 -0.188198 0.324998 0.146048 0.543956 0.40671 -0.820585 0.0622464 -1.03301 1.23075 
0.792582 0.667058 -0.00610941 -0.420011 0.123563 -0.21666 -0.024194 -0.120515 -0.11773 0.616251 0.532401 -0.386551 -0.526935 
0.984832 1.15118 1.09396 0.343257 -0.661529 1.16676 0.532233 -0.2273 0.306883 -0.290395 -0.41303 -0.3071 -1.11493 
-0.981563 -0.239312 0.507783 -0.792485 -0.375411 0.0263164 0.611855 0.192337 0.236438 -0.62363 0.76432 0.806532 0.264386 
-0.719007 0.291765 -0.7377 -0.428847 -0.978728 -1.05087 -0.406329 -0.875025 -0.073524 -0.375981 0.769881 -0.611017 0.420132 
-0.616697 -0.621483 0.0678471 -0.255833 -0.527831 0.114769 -1.31585 -0.719917 0.370233 -0.559013 0.234696 0.265488 -0.103633 
-0.136115 -1.0344 -1.02643 -0.19268 0.114406 -0.670143 -0.885795 0.453342 -0.0190675 -0.738581 0.526476 0.656972 -0.0988941 
0.173983 -0.160471 -0.237133 0.567232 1.11459 0.663928 -0.734287 0.54447 -0.0613555 0.301236 0.213335 0.0139012 0.441306 
-0.0180708 0.814718 0.510996 -0.270134 -0.850828 -0.37011 0.0108268 -0.489791 0.769678 -0.572875 0.025162 -0.680736 -0.935084 
-0.0258609 0.452322 1.62309 -0.181203 1.1298 0.516654 0.524031 1.6593 -0.251869 0.341537 1.09872 -0.275098 -1.71596 
1.0492 0.174896 0.0628001 -0.0874375 -0.0163942 1.04896 -0.326285 -0.648274 -0.225946 -0.232361 0.0623681 0.602276 -0.0901997 
-0.150525 1.0062 -0.796412 0.0650697 1.19366 -0.449358 0.783665 0.849084 -0.164395 0.154133 -0.100747 0.432667 -0.332822 
-0.412123 -1.06144 -0.866209 -0.308596 -1.15568 -0.930778 0.846663 -0.0519647 -0.155893 -0.295536 -0.224787 0.4958 0.358567 
0.218658 -1.04132 -1.27237 -0.281238 -0.0925934 -0.6577 -0.3787 0.0646693 0.108457 -0.387812 0.273323 -0.186961 0.298774 
-1.03889 -1.06662 0.234222 0.337703 -0.177855 -1.05699 0.301005 0.0423001 -0.21705 0.334835 0.293676 -0.246775 -0.028628 
-0.319966 0.945986 0.667632 -0.764991 0.0997568 0.25569 -0.44172 0.141759 -0.624541 0.874921 0.943887 0.369555 0.227188 
0.550042 -0.496098 0.0490699 -0.217515 0.329147 0.27544 -0.0166181 -0.0572663 -0.128051 -0.85243 0.101429 -0.417489 0.413002 
-1.35792 -1.37113 -0.415577 -0.31259 -0.756389 0.208987 -0.350886 -1.00153 0.412183 -1.25816 0.0903104 -0.891225 0.906836 
0.421319 -1.07749 -0.250272 -0.195069 0.0484167 -0.814292 0.220294 -0.765867 -0.174869 -0.462048 0.237092 -1.05979 1.56075 
-0.103559 -0.374222 0.140557 0.336657 1.14716 0.307486 0.439086 0.0809176 -0.444688 -0.80544 -0.0429753 0.581248 -0.801566 
-0.703706 0.325012 -1.37184 -0.150053 -0.417045 -1.43673 0.252036 -0.93175 -0.091148 -0.0644753 -0.357689 -0.121323 -0.470647 
-0.44069 -0.782462 0.770496 -0.0465786 -0.881304 -0.511458 0.476369 0.119491 0.632061 0.407342 -0.800385 -0.058418 -0.314362 
