1 0
3 6
0.001 0.01 10000 6
-1 -1 -1 1 1 1 0.2 -0.6 -1 0.15 10000
0.95 1e-06
 LS 0 0.01 2
12 2 sigmoid
-0.254047 -0.763549 
-0.0107096 -2.9314 
-1.41604 2.69319 
0.24983 -3.19605 
-1.21596 -1.32459 
0.388167 1.43231 
0.452628 -0.127599 
-0.432069 -0.921436 
-0.277237 0.701852 
0.307995 0.684515 
0.309934 0.0188143 
-0.368286 -0.751245 
24 13 simpleLinear
0.655234 0.00922767 -0.268571 -0.797156 -0.778386 0.0342357 -1.04703 -0.429381 -0.0329884 0.51484 -0.119918 0.662864 0.15027 
-0.136518 0.25561 -0.0238731 0.546562 -0.152321 1.01013 0.185322 0.333229 0.574915 0.0151654 -0.00488111 -0.439972 -0.783876 
-0.255735 0.493694 -0.282305 0.703959 -0.160231 -0.474045 -0.303263 0.240084 -0.227429 0.0600065 -0.529127 0.146059 0.583202 
0.648161 -0.356595 -0.36855 0.379024 0.649719 0.518253 -0.590544 -0.686069 -0.120193 0.127693 1.21045 0.997664 -1.13003 
-0.28062 -1.42164 -0.0256063 -0.179958 -0.576138 0.181461 -0.562265 0.0405354 -0.429824 0.0276146 -1.38553 0.0900882 1.0714 
-0.379917 -0.861272 0.543003 0.172743 -0.692371 -0.283062 -1.18312 -0.245976 0.666234 0.242688 -0.757685 -1.21883 1.53836 
0.700235 1.12333 0.924208 0.829547 0.691959 0.543022 1.15082 -0.13492 0.432784 0.0156278 1.36594 -0.275896 -0.0474039 
0.670297 1.66208 -0.219186 0.608129 0.538113 0.474868 1.28586 -0.0295676 0.332247 -0.0913885 0.723094 0.591842 -0.66417 
0.0984186 -0.567671 0.61226 0.0354026 -0.424741 -0.347578 -0.632775 -0.686758 0.515584 0.269677 0.431324 -0.120838 -0.728547 
-1.19076 -0.305686 -1.6713 -1.22626 -0.174718 -0.41077 -1.29947 -0.196843 0.411117 -0.169255 -1.24913 0.0428534 1.31165 
-0.0989696 0.401639 0.0617726 0.616308 -0.187194 0.818701 -0.662685 -0.759503 0.121568 -0.307228 -0.0893928 0.54527 0.582644 
-1.32631 -0.512982 -1.09045 -0.386793 -0.333935 -0.753866 -1.01749 -0.375579 -0.457413 -1.54044 -1.20329 -0.202765 1.42729 
-0.145727 0.589879 0.815353 -0.231569 -0.172397 -0.128046 1.222 0.774833 -0.123452 0.0315474 0.634772 0.485915 -0.867535 
-0.361236 1.30725 0.50788 -0.422009 0.281836 -0.688444 0.874244 -0.889914 0.883219 0.292197 0.114125 -0.171386 -0.675517 
-0.439692 0.0249513 0.523797 -0.518266 -0.72679 0.778464 0.289764 1.03504 0.971544 0.91801 -0.335363 0.842476 0.000908682 
0.0425892 -0.854336 -0.585938 -0.934055 -0.213514 0.0695134 -0.950082 -0.525418 0.283069 0.213333 -0.233395 -0.0231079 0.389846 
-0.21027 -0.548186 -0.130268 0.439223 0.116466 -0.0317204 -0.795955 -0.707002 0.238708 -0.55201 1.11592 -0.51485 -0.904786 
0.731223 -0.961984 -0.44073 0.399364 0.164132 -1.04495 0.581801 0.774869 -0.906223 -0.532219 -0.0207887 -0.797503 0.288208 
-1.14223 0.101404 -1.51273 -0.0379934 -0.501463 -0.842827 0.32102 0.0711879 0.524315 -0.835511 -1.16574 0.350194 0.513767 
0.34871 -1.0411 -0.0399305 0.537896 -0.642368 -0.53309 -1.31883 0.247388 -1.10427 -0.0822532 0.362867 0.537582 0.61322 
0.885936 -0.107215 -0.972398 -0.469212 0.7045 -0.0906754 1.00036 0.894161 -0.451736 0.242536 -0.443724 -0.511708 -1.11094 
-0.437276 0.161743 -0.330164 -0.442646 0.907377 -0.380219 -0.0797555 -0.160797 -0.514998 0.324097 0.579225 -0.518037 -0.295434 
0.184156 -0.129994 -0.596054 -0.312466 -0.427661 -1.0586 -1.60321 -0.200851 -1.12633 -0.0529067 -1.2561 -1.53532 1.4389 
-0.254664 -0.0847334 -0.332124 -0.295739 0.57019 -0.307553 0.80718 -0.680559 0.0587823 0.613525 -0.154349 0.730884 -0.586583 
