1 0
3 4
1 0.001 0.1 10000 0 6
-1 -1 -1 1 1 1 -0.6 1 1 0.01 0.9 0.05 5000
 LS 0 0.01 2
8 2 sigmoid
-0.770522 0.382178 
0.303876 -0.795258 
-0.186101 0.559541 
-0.578752 0.339193 
1.07982 0.505736 
-0.556144 0.309835 
-1.60893 -0.466513 
0.0353903 0.998749 
16 9 simpleLinear
0.113093 0.0960981 0.973451 0.653878 -0.65338 -1.08725 -0.925586 -0.587612 0.0901582 
0.629188 -0.788937 0.569787 -0.680525 -0.126436 -0.997945 -0.295678 -0.690617 -0.263435 
-0.35396 0.81835 -0.961947 0.514056 0.224357 0.792197 -0.120881 0.233195 0.167809 
0.699603 0.399422 0.671992 0.357962 -1.05829 0.166369 0.817137 -0.470939 0.32911 
0.117623 -0.293635 0.541002 -0.777466 -0.785125 0.841669 0.870671 -0.422316 -0.414696 
0.88295 0.203652 -0.0198915 -0.408774 0.886991 -0.0646392 -0.244454 0.587489 0.841845 
-0.608098 -0.307155 0.206662 0.517424 0.971399 -0.252676 0.440418 0.103266 0.402745 
-0.276716 -1.07632 0.281627 0.628885 -0.525251 -0.0754967 0.547852 0.319547 0.0299827 
-0.476153 -0.163933 0.367385 0.149159 -0.0279557 -0.825871 -1.12562 0.117511 -0.309744 
0.202778 0.856593 0.802413 0.263621 -0.731221 -0.337405 -0.551846 0.850537 -0.380998 
-0.0544949 0.36318 1.01759 -0.756323 0.912742 0.628086 -1.10323 0.0375501 0.0280535 
0.117546 -0.501651 -0.217912 0.437192 -0.034182 0.757484 -0.0545879 -0.587769 -0.992403 
0.0378184 -0.0660093 0.781965 0.408972 -0.816172 0.506798 0.319388 0.244274 0.777164 
-0.972574 0.513551 0.667929 -0.34009 -0.456406 -0.0686413 -0.539825 0.155683 -0.390668 
-0.713217 0.467715 0.709901 0.280513 -0.817131 0.753221 0.701188 0.628713 -0.264277 
0.248318 -0.708361 0.0440173 0.490668 0.124692 0.867959 0.348069 -0.153339 1.03662 
