1 0
3 6
0.001 0.01 10000 6
-1 -1 -1 1 1 1 -0.6 0.6 1 0.15 10000
0.95 1e-06
 LS 0 0.01 2
12 2 sigmoid
0.237132 -1.06019 
0.282477 0.136321 
-0.355135 -0.362393 
0.439416 -1.3114 
0.0991937 -1.32147 
0.124599 0.316431 
0.138297 0.700238 
0.0896106 -1.3279 
-0.0251308 0.0792968 
0.280181 0.581281 
0.0170383 -0.0890435 
0.0792463 0.231739 
24 13 simpleLinear
0.587892 -0.19888 -0.91317 -0.595154 -0.145199 -0.127091 -0.0491302 -0.95897 0.179153 -0.585716 -0.00288441 0.216229 0.583194 
0.961041 0.936538 -0.395041 -0.515589 -0.519981 -0.70094 -0.62435 0.79297 0.0948608 -0.161682 -0.805036 -0.0859597 -0.242092 
0.891848 0.685165 0.837403 -0.530219 0.00740823 0.379081 0.248178 0.06962 0.762748 -0.920789 0.906541 -0.299723 -0.918993 
0.294209 0.329865 0.299006 -0.496013 -0.0460616 0.285898 -0.595203 0.545113 0.743511 -0.121152 0.855547 1.11975 -0.748114 
-0.152351 -0.136451 -0.198051 0.764598 0.620208 -0.304139 0.467839 0.456569 0.176868 -0.522793 -0.144635 -0.578341 0.255197 
-0.464799 -0.58694 0.375386 0.242412 -0.502098 -0.54906 -0.670704 0.547101 -0.29418 0.0605351 -0.432947 -0.090404 -0.711888 
1.1052 0.623737 1.07366 0.989958 1.09367 -0.18885 -0.303823 -0.256657 -0.579378 -0.822744 0.31404 0.731397 0.293305 
-0.798975 0.89471 -0.918885 -0.516527 0.290199 -0.437761 -0.178606 -0.417239 0.73308 0.258151 -0.0448376 -0.975435 -0.171209 
0.178992 -0.371211 -0.148106 -1.0005 -0.0436473 -0.158628 0.535489 -0.0906415 -0.286353 0.503064 -1.42874 0.322386 0.00587998 
-0.769622 0.763349 0.694533 0.837349 0.157925 -1.0828 0.780016 0.267569 -0.566172 0.0985205 0.843145 0.296032 0.847662 
0.845835 -0.171961 -0.0892668 0.889384 0.633805 -0.475844 -0.0599648 -0.0733284 -0.0415228 -0.693525 -0.774721 -0.0761642 0.384552 
0.480649 -0.0814377 0.795226 0.252641 0.504197 1.13687 0.0523443 0.265504 1.02084 -0.726114 0.289835 0.862313 0.195818 
0.664386 -0.13252 0.433263 0.0401525 -0.357242 0.124289 0.73937 0.398883 -0.13726 0.208807 0.766124 0.660821 0.792393 
-0.771212 0.491262 0.720372 -0.0103389 0.0335377 -0.0413253 0.662172 -0.419805 -1.03714 -0.0651447 -0.568758 -0.188491 -0.506983 
-0.4762 0.211312 0.390175 -0.864033 -0.360635 -0.0452816 -0.121447 0.976427 0.897376 0.42496 0.00575251 0.521836 -0.400987 
0.593079 -0.567918 -0.74939 0.159532 -0.674298 -0.254085 -0.123481 -0.715117 -1.04177 -0.845134 0.511761 0.900552 0.217296 
0.948821 0.3147 0.921418 0.0203696 0.564659 -0.633015 -0.854161 -0.139139 -0.575162 -0.286765 0.720296 0.241508 -0.627621 
0.391709 -0.532298 0.401668 -0.175855 0.140849 0.102371 0.36244 0.482463 -0.651133 0.788836 -0.689164 0.347986 -0.786064 
-0.594024 0.666747 0.829958 -0.598454 -0.219347 0.649931 0.587939 -0.426559 -0.452293 0.0311942 -0.196662 -0.420585 0.729407 
0.119092 0.195457 0.399569 -0.765322 0.691433 -0.185431 -0.292368 0.104621 0.644963 0.859832 -0.773385 0.0254915 0.294797 
-0.395583 -0.166597 0.718376 0.973539 0.0332948 -0.896143 0.61474 -0.159514 -0.51402 -0.621184 -0.5296 1.05999 -0.187612 
0.0181967 0.0945435 0.750152 0.584692 -0.151308 -0.17974 -0.274824 -0.796519 0.0161934 -0.613157 -0.0410371 0.684388 0.288486 
-0.321522 0.636912 0.778249 0.660776 -0.0255936 -0.675064 -0.584154 -0.366484 -0.76205 0.411423 -0.321786 0.786852 0.761708 
-0.319524 0.704442 -0.844 -0.33354 -0.451781 0.13862 0.712427 -0.82459 -0.39697 -0.593411 -0.0591252 0.277542 -0.0111014 
