1 0
3 4
1 0.001 0.1 10000 0 6
-1 -1 -1 1 1 1 -1 0.2 0.2 0.01 0.9 0.05 5000
 LS 0 0.01 2
8 2 sigmoid
0.446422 0.535843 
-0.736611 -0.440792 
0.31909 -0.818944 
-0.926322 -0.289712 
-0.410255 0.826297 
0.595872 0.594603 
0.902619 0.647645 
-0.503261 -0.0773445 
16 9 simpleLinear
-0.216645 0.237561 0.179337 -0.530811 -0.713195 -0.880447 -0.776139 0.213687 -0.19118 
-0.493715 -0.283391 -0.885668 -0.088392 0.894188 0.0386731 -0.559539 0.329033 0.599989 
-0.0838276 -0.171997 1.00537 0.756748 0.283433 -0.721328 0.0121579 0.156994 0.281955 
-0.355782 -0.703662 -0.684256 0.319939 0.212734 0.719771 -0.509512 0.641971 -0.293874 
-0.105314 -1.17061 0.445486 0.328923 -0.525536 -0.641869 0.785118 0.404548 -0.781772 
-0.230895 0.818791 0.176194 -0.709018 -0.117043 0.639714 -0.98918 -0.856826 0.0577559 
-0.438868 0.157698 0.595482 -0.806449 -0.901202 -0.86122 -0.104445 0.460813 0.455661 
0.11497 -0.92993 0.13827 -0.134954 -0.0978615 0.425464 0.00586585 -0.401727 0.798407 
-0.0177715 -0.623876 0.227044 0.0427727 0.220698 0.223122 -0.505415 0.707935 -0.894502 
-0.763262 0.763858 -0.641155 -0.0872161 -0.564233 0.698235 -0.361617 -0.348942 0.766201 
-0.144316 0.389159 0.390174 -1.11861 -0.550479 0.806328 0.458914 0.550853 -0.430584 
-0.517249 -0.597754 0.148001 -0.81353 0.315846 0.52888 0.448129 -0.576192 -0.121014 
0.111367 -0.394932 -0.332612 -0.628264 -0.120787 -0.0691218 0.690559 -0.993489 -0.518936 
0.000851932 -0.405112 0.67092 -0.546513 0.269367 0.36034 1.14661 0.386049 0.35712 
0.519996 -0.391954 0.432765 -1.01819 0.0595859 0.824764 0.420044 0.274749 -0.118043 
0.399529 -0.0852722 0.855621 0.639104 0.377075 -0.184581 -0.29133 -0.553488 -0.26849 
