1 0
3 4
1 0.001 0.1 10000 0 6
-1 -1 -1 1 1 1 -0.6 -1 -0.2 0.01 0.9 0.05 5000
 LS 0 0.01 2
8 2 sigmoid
0.254682 -0.145047 
-0.763686 0.523373 
-1.2328 0.713683 
-1.47711 0.368122 
0.268769 0.964524 
-0.751973 0.752201 
0.271909 -0.341365 
0.764239 0.567832 
16 9 simpleLinear
-0.253823 -0.515177 0.0357305 0.991028 0.737556 0.844685 -0.219943 -0.357293 0.834366 
0.121172 -0.466107 1.04691 0.178838 0.576396 -0.22991 -0.928294 -0.855383 0.0914076 
0.710133 -0.0658129 -0.0520807 1.17706 -0.76352 0.916334 0.709286 -0.419984 0.563657 
-0.122304 -0.0963321 -0.360172 -0.879579 0.80493 0.256064 0.2442 0.722266 0.261949 
-0.0954913 -0.261942 0.940091 0.260625 0.597631 -0.62565 -0.473123 -0.62848 1.19382 
0.360959 -0.094105 -0.899655 -0.353293 -0.435396 -0.165338 0.181009 -0.559374 0.288026 
0.0971545 -0.863718 0.403042 -0.688825 0.353833 -0.584075 0.515354 0.953836 -0.281904 
-0.34845 0.679962 -0.646855 1.29179 -0.509797 -0.109708 0.480633 0.245763 -0.529476 
0.929972 -0.530709 0.0606681 0.934444 0.919819 0.881141 0.837062 -0.585485 -0.513774 
-0.390799 0.910272 0.174605 0.807031 0.00320106 0.562606 0.31492 0.626953 0.0654678 
-0.737775 0.0389252 -0.39557 -0.898508 -0.784318 -0.972595 -0.0889723 -0.656359 -0.425812 
0.585776 0.467871 -1.04742 0.09014 0.81419 -0.563956 -0.113331 0.893459 -0.72979 
-0.642364 0.858325 0.452028 0.628064 -0.928037 0.270067 -1.06211 0.493684 0.881653 
0.63258 0.25778 0.723132 -0.393364 0.266843 0.0862525 0.469994 0.847346 0.026058 
0.720754 -0.398773 0.25136 -0.565465 0.884623 0.0446433 -0.313482 0.525616 -0.51595 
0.294157 -1.29331 -1.14239 0.136959 -0.492904 0.333438 -0.163961 0.674712 0.627655 
