1 0
3 4
1 0.001 0.1 10000 0 6
-1 -1 -1 1 1 1 1 0.2 1 0.01 0.9 0.05 5000
 LS 0 0.01 2
8 2 sigmoid
1.22068 -0.322107 
0.414507 -0.61096 
-1.54874 -0.115958 
0.759398 0.746782 
-0.433564 -0.217977 
0.428488 -0.203128 
0.838794 -0.835955 
0.159264 0.346035 
16 9 simpleLinear
-0.228685 0.196049 -0.454002 0.40212 -0.441007 -0.161552 0.803949 0.628157 -0.34122 
0.952895 0.0315522 -0.464649 0.650466 0.405993 -0.81696 0.222209 0.803036 0.778127 
0.234449 0.721995 0.130735 -0.194308 0.681403 0.568973 0.320038 0.222609 -0.457842 
0.787818 0.631895 0.621205 -0.0102504 -0.669056 0.0519546 0.673797 0.732808 -0.0117255 
-0.916382 0.378098 0.387119 -0.268819 0.525158 -0.943153 0.177366 0.0432448 0.291985 
-0.241966 -1.08731 1.04755 -0.074202 0.880741 -0.14923 0.536682 -0.166235 -0.194777 
0.277429 -0.732271 -0.525569 -1.07046 0.781004 0.246895 0.42577 -0.424225 0.723949 
-0.852387 0.743095 0.911772 0.773662 -0.826943 -0.673448 -0.265431 -0.114504 0.767875 
0.341417 -0.777716 -0.376494 -0.334322 0.454192 0.291514 0.965409 -0.308864 -0.0230455 
0.0617193 -0.389339 0.348636 0.799584 -0.823745 -0.584212 0.900393 -0.661316 -0.467367 
-0.0814508 -1.06691 0.337587 -0.274255 -0.322835 -0.370621 -1.22764 -0.356005 -0.00359947 
-0.903156 0.467474 1.84756 -0.679806 -0.116119 0.591184 0.148462 0.351964 0.0760305 
-0.356764 0.0908817 0.961273 0.62967 -0.942923 -0.382931 0.525676 0.777957 -0.0653725 
0.964239 0.707092 0.305503 -0.819048 0.0299604 0.54326 0.100051 0.927889 -0.795733 
0.854185 0.993117 0.0111454 -0.194424 -0.35113 -0.365031 -0.388004 0.205707 0.382936 
-0.314497 -0.199895 -0.233222 0.938886 0.391079 0.891916 0.984691 0.0441024 0.648598 
