1 0
3 4
1 0.001 0.1 10000 0 6
-1 -1 -1 1 1 1 1 1 1 0.01 0.9 0.05 5000
 LS 0 0.01 2
8 2 sigmoid
0.666066 -0.190943 
0.595379 0.584311 
0.772213 -0.624408 
-0.310686 0.565532 
-0.60304 0.117878 
-0.0458312 0.243362 
-0.441511 0.0682265 
1.00089 0.806025 
16 9 simpleLinear
0.396097 0.532966 -0.583425 0.164774 -1.05249 -0.520122 -0.778761 0.751465 -0.69576 
-0.255484 -0.780132 -0.847181 0.973169 -0.592642 -0.00861161 0.643724 0.183336 -0.326654 
0.272011 0.0465088 -0.0163667 0.942059 -0.419011 0.539186 0.0496738 0.538268 -0.19169 
0.683856 -0.505325 -0.404856 0.598653 0.825656 -0.899509 0.872199 -0.0340461 -0.729628 
-0.623338 0.320007 0.772356 -0.297042 -0.862974 -0.957927 -0.0783044 -0.883953 -0.526348 
0.901267 0.773987 0.658381 -0.461188 0.0920755 -0.255754 0.524959 -0.0157357 0.355162 
0.106385 -0.888505 -0.0779031 0.85858 0.848431 0.449172 -0.43608 0.521139 0.257439 
-0.32769 0.348183 -0.706708 -0.112775 0.774819 0.654575 -0.332325 -0.579825 0.800865 
-0.314675 0.36162 0.896142 0.17848 0.318426 0.71421 -0.119917 0.832488 -0.194012 
0.635798 0.373666 0.828541 -0.0382609 -0.574391 0.899645 0.835869 -0.696692 0.762917 
0.292045 -0.127982 0.24962 -0.442664 0.563222 -0.386228 -0.112106 -0.535538 -0.624188 
-0.459911 0.103406 -0.180441 -0.659037 0.817737 -0.795552 -0.746201 -0.021867 0.526982 
0.967603 0.868786 0.366713 -0.234652 0.498007 -0.26397 -0.413373 -0.536584 0.172021 
-0.488119 -0.676468 0.488706 -0.759272 0.568027 -0.673732 0.477152 -0.82299 0.900415 
-0.889511 0.0475734 -0.641911 -0.523086 0.59009 0.464176 0.309234 0.941693 0.280326 
0.502218 -0.827249 -0.748311 0.0497623 -0.826899 -0.857375 -0.578857 -0.0989277 0.636393 
