1 0
3 4
1 0.001 0.1 10000 0 6
-1 -1 -1 1 1 1 -0.6 1 0.6 0.01 0.9 0.05 5000
 LS 0 0.01 2
8 2 sigmoid
-0.905004 0.375138 
-0.641438 0.0665988 
0.373229 -0.235591 
0.333573 0.229906 
0.944049 0.475605 
-0.522318 0.989578 
0.184022 -0.438072 
-0.279553 0.27015 
16 9 simpleLinear
0.902537 -0.381001 -0.578639 0.112278 -0.0594362 0.895995 0.675048 0.512018 -1.01903 
0.553989 -0.609662 0.981308 0.934225 0.584308 -1.03069 -0.771337 -0.17391 -0.225309 
0.421582 -0.806159 0.434525 -0.363062 0.294437 0.186993 -0.917703 0.523141 -0.0114308 
-0.226317 -1.20519 0.252081 -0.681059 1.03683 0.646164 -0.30889 -0.174168 0.0596418 
-0.282021 -0.258126 -0.616062 -0.346588 -0.765498 -0.156396 -0.348174 -0.740259 -0.840418 
-0.145452 -0.50134 0.0293517 0.246161 0.464417 0.5269 -0.273519 -0.466663 -0.286172 
1.22208 -0.330753 -0.844245 -0.0375008 0.45594 -0.646162 -0.691552 1.06512 -1.02281 
-0.968247 -0.372304 0.0563944 0.0879084 0.421903 0.541083 0.378321 0.810041 1.00218 
-0.991385 -0.549246 -0.8785 -0.546071 0.197704 -0.670895 0.496231 -0.693682 -0.614096 
-0.166362 0.314325 -0.263852 0.560455 0.407597 0.169565 0.718983 -0.698312 -0.228302 
0.389733 -0.727694 -0.241514 0.948422 0.0789217 0.120807 -0.101103 0.546903 0.0262522 
-0.441268 0.239815 -0.0892113 -0.190885 0.652541 0.0846206 -0.134119 0.685885 -0.816757 
0.269896 0.390052 -0.0964341 0.537031 -0.746821 -0.762044 -0.754613 0.795015 0.481173 
0.358719 0.397424 0.817334 -0.778595 0.316325 -0.610164 -0.0154938 0.189594 0.267611 
-0.443571 -0.758643 0.0671488 0.292205 -0.154204 -0.659394 -0.966206 0.541081 0.612989 
0.0146408 -0.963218 0.323891 0.542026 0.477568 -0.395618 -0.64804 -0.221198 0.319596 
