0.95 0.4
3 4
1 0.001 0.1 10000 0 3
-1 -1 -1 1 1 1 1 -1 0 0.01 0.9 0.05 5000
 LS 0 0.01 2
8 2 sigmoid
0.650368 0.474404 
-0.618748 -0.580906 
0.0303187 -0.79075 
-0.756023 -0.246615 
-0.390478 0.903883 
0.721823 0.339338 
0.587067 0.722844 
0.0195345 -0.357442 
16 9 simpleLinear
0.0398501 0.539426 0.52857 -0.30923 -0.599567 -0.583438 -0.558347 0.552252 -0.722409 
-0.382041 -0.297846 -0.765573 -0.118727 0.88241 0.204153 -0.433066 0.357136 0.451449 
0.102404 -0.572441 0.923379 0.338551 0.08455 -0.447472 0.230166 -0.0182315 0.432797 
-0.212505 -0.508651 -0.347724 0.455578 0.273335 0.957725 -0.326841 0.791007 -0.723755 
-0.199081 -1.00723 0.541117 0.534447 -0.420854 -0.793464 0.712353 0.420739 -0.864658 
-0.0917627 0.982202 0.428475 -0.571551 -0.0486569 0.740053 -0.803423 -0.790789 -0.252036 
-0.418228 0.294838 0.591209 -0.751445 -0.905285 -0.916154 -0.104044 0.539586 0.422966 
-0.122459 -0.768129 0.170107 0.151885 0.0565651 0.180984 -0.283229 -0.399322 0.791081 
-0.0479559 -0.661352 0.217995 0.0506844 0.237375 0.191126 -0.533638 0.658314 -0.857691 
-0.80801 0.84235 -0.667797 -0.0404062 -0.551169 0.64761 -0.423387 -0.291433 0.766726 
-0.296892 0.642928 0.336467 -0.917416 -0.479567 0.571677 0.26495 0.687026 -0.40972 
-0.546058 -0.593013 0.239859 -0.772554 0.3535 0.576282 0.449383 -0.587285 -0.218819 
-0.36476 -0.128785 -0.533188 -0.225603 0.0674911 -0.685594 0.114416 -0.966491 -0.246841 
-0.259898 -0.410207 0.445026 -0.495988 0.289557 0.0774692 0.817144 0.346927 0.66306 
0.351343 -0.414802 0.237219 -1.01871 0.0482692 0.638651 0.196646 0.239785 0.116441 
-0.232015 -0.304803 0.39661 0.580591 0.342264 -0.731457 -0.964579 -0.907303 0.431358 
