0.95 0.4
3 4
1 0.001 0.1 10000 0 3
-1 -1 -1 1 1 1 0 1 -1 0.01 0.9 0.05 5000
 LS 0 0.01 2
8 2 sigmoid
0.622451 0.50232 
-0.743924 -0.45573 
0.0499201 -0.810352 
-0.703561 -0.299076 
-0.358323 0.871727 
0.792376 0.268784 
0.448542 0.861369 
-0.135608 -0.2023 
16 9 simpleLinear
-0.00535901 0.482015 0.480791 -0.331902 -0.609872 -0.610308 -0.611555 0.504896 -0.650785 
-0.310661 -0.244003 -0.673587 -0.0658091 0.913822 0.292513 -0.374747 0.428893 0.319169 
0.0381017 -0.637072 0.847789 0.298717 0.0634784 -0.506134 0.166832 -0.0823412 0.542422 
-0.264579 -0.54224 -0.420821 0.413242 0.248238 0.888761 -0.361582 0.736429 -0.623291 
-0.222924 -1.02835 0.509684 0.516754 -0.430262 -0.819044 0.69307 0.397576 -0.819101 
-0.0498669 1.01312 0.48455 -0.539155 -0.0298781 0.792228 -0.771638 -0.748941 -0.331805 
-0.393222 0.315125 0.622431 -0.734036 -0.895093 -0.887565 -0.0823868 0.56515 0.378377 
0.418452 -0.301093 0.846637 0.527283 0.267963 0.771148 0.190784 0.141385 -0.182125 
-0.0525715 -0.664854 0.212146 0.0473574 0.235425 0.185592 -0.537472 0.653819 -0.849359 
-0.813713 0.838512 -0.675488 -0.0449279 -0.553854 0.640079 -0.427554 -0.297042 0.777676 
-0.30587 0.634809 0.325285 -0.923503 -0.482936 0.562437 0.256928 0.677762 -0.393805 
-0.501614 -0.553515 0.294212 -0.742594 0.370309 0.623568 0.489845 -0.54334 -0.297605 
-0.39791 -0.162156 -0.571668 -0.246058 0.056543 -0.71624 0.0811929 -0.99928 -0.190057 
-0.360446 -0.491291 0.3161 -0.568626 0.247875 -0.0389178 0.733657 0.246019 0.847196 
0.316756 -0.428869 0.184875 -1.05093 0.0279845 0.58221 0.179246 0.203862 0.188113 
-0.16271 -0.235076 0.47699 0.623155 0.365044 -0.667559 -0.895124 -0.83873 0.31334 
