0.95 0.4
3 4
1 0.001 0.1 10000 0 3
-1 -1 -1 1 1 1 1 -1 0 0.01 0.9 0.05 5000
 LS 0 0.01 2
8 2 sigmoid
0.649347 0.475424 
-0.620966 -0.578688 
0.0277823 -0.788214 
-0.76407 -0.238568 
-0.386226 0.899631 
0.736284 0.324876 
0.57461 0.735301 
-0.0168254 -0.321082 
16 9 simpleLinear
0.0356011 0.538369 0.518196 -0.314422 -0.605174 -0.595671 -0.563388 0.541607 -0.705856 
-0.394801 -0.308004 -0.784618 -0.127891 0.875419 0.185605 -0.446663 0.342155 0.479443 
0.0944346 -0.578283 0.911418 0.332401 0.0798736 -0.459447 0.222024 -0.0282155 0.450575 
-0.219497 -0.513528 -0.360137 0.450064 0.268219 0.944878 -0.33506 0.780964 -0.705165 
-0.214804 -1.02167 0.522184 0.524091 -0.42633 -0.809124 0.698258 0.405646 -0.837677 
-0.0709741 1.00148 0.452792 -0.557855 -0.0419011 0.759396 -0.785561 -0.77115 -0.286494 
-0.435832 0.27852 0.570473 -0.763003 -0.911108 -0.932895 -0.119438 0.522964 0.452409 
-0.0919144 -0.740192 0.206622 0.172299 0.0670868 0.210636 -0.256677 -0.369617 0.739093 
-0.0508723 -0.664039 0.214493 0.0487757 0.236376 0.188261 -0.536186 0.65556 -0.852718 
-0.81273 0.837967 -0.673356 -0.0434667 -0.552717 0.643115 -0.427585 -0.295795 0.77459 
-0.297398 0.642706 0.335383 -0.917955 -0.480099 0.570501 0.264405 0.685968 -0.40803 
-0.531286 -0.57925 0.256841 -0.76261 0.358247 0.589748 0.461058 -0.572858 -0.243129 
-0.369868 -0.1335 -0.539168 -0.229077 0.0658037 -0.690284 0.110229 -0.971559 -0.238332 
-0.259418 -0.409876 0.445644 -0.495529 0.289801 0.0779795 0.81741 0.34764 0.66214 
0.351676 -0.414759 0.237859 -1.01827 0.0486234 0.639343 0.196883 0.240552 0.115446 
-0.224755 -0.298334 0.405395 0.585631 0.344895 -0.724297 -0.958416 -0.899894 0.4188 
