0.95 0.4
3 4
1 0.001 0.1 10000 0 3
-1 -1 -1 1 1 1 0 1 0 0.01 0.9 0.05 5000
 LS 0 0.01 2
8 2 sigmoid
0.670036 0.454735 
-0.684548 -0.515106 
0.0344389 -0.79487 
-0.728528 -0.27411 
-0.344283 0.857687 
0.766552 0.294609 
0.456167 0.853744 
-0.234309 -0.103599 
16 9 simpleLinear
-0.107119 0.410128 0.344146 -0.410603 -0.655987 -0.741729 -0.69071 0.396799 -0.459314 
-0.316967 -0.248048 -0.682854 -0.0709578 0.91093 0.283707 -0.379412 0.421171 0.331074 
0.0541899 -0.62266 0.866282 0.309191 0.0699366 -0.49066 0.179556 -0.071019 0.513546 
-0.425388 -0.666296 -0.623892 0.295689 0.17778 0.698726 -0.488248 0.586857 -0.324778 
-0.281604 -1.07647 0.436567 0.476515 -0.454491 -0.881957 0.648143 0.34814 -0.713994 
-0.0177989 1.03746 0.524191 -0.516525 -0.0158587 0.829847 -0.746504 -0.720329 -0.389802 
-0.407092 0.304587 0.60516 -0.743731 -0.901104 -0.90369 -0.0930515 0.55286 0.403177 
0.361479 -0.337956 0.768282 0.480047 0.240668 0.690522 0.144054 0.0736199 -0.0702816 
-0.0495923 -0.662503 0.215936 0.049485 0.236695 0.18896 -0.535161 0.656514 -0.854795 
-0.801364 0.847418 -0.659149 -0.0354616 -0.548293 0.655768 -0.417833 -0.284218 0.754412 
-0.349588 0.602552 0.268364 -0.9563 -0.502375 0.508408 0.222577 0.634159 -0.312221 
-0.559584 -0.596204 0.219286 -0.786016 0.344409 0.551735 0.444193 -0.600722 -0.189419 
-0.403479 -0.165597 -0.580175 -0.25076 0.0539278 -0.724176 0.0772425 -1.00636 -0.17948 
-0.362621 -0.496316 0.315771 -0.568157 0.248037 -0.0354358 0.731854 0.249446 0.849584 
0.37578 -0.38689 0.265515 -1.00505 0.054468 0.657918 0.224676 0.267471 0.0770374 
-0.153409 -0.228501 0.491779 0.630892 0.368968 -0.655568 -0.88845 -0.82675 0.295589 
